enemy_4_00 <= 
'{ 
'{ 0, 0, 0, 0, 0, 0, 0, 0, 0, 0, 0, 0, 0, 0, 0, 0 }, 
'{ 0, 0, 0, 0, 0, 0, 0, 0, 0, 0, 0, 0, 0, 0, 0, 0 }, 
'{ 0, 0, 0, 0, 0, 0, 0, a, 0, 0, 0, 0, 0, 0, 0, 0 }, 
'{ 0, 0, 1, 0, 0, 0, a, a, a, 0, 0, 0, 1, 0, 0, 0 }, 
'{ 0, 0, 1, 0, 0, a, a, a, a, a, 0, 0, 1, 0, 0, 0 }, 
'{ 0, 0, 1, b, a, a, b, a, b, a, a, b, 1, 0, 0, 0 }, 
'{ 0, 0, 1, b, b, b, b, a, b, b, b, b, 1, 0, 0, 0 }, 
'{ 0, 0, 1, 1, b, b, b, b, b, b, b, 1, 1, 0, 0, 0 }, 
'{ 0, 0, 0, 1, 1, b, 0, b, 0, b, 1, 1, 0, 0, 0, 0 }, 
'{ 0, 0, 0, 0, 1, 1, 0, b, 0, 1, 1, 0, 0, 0, 0, 0 }, 
'{ 0, 0, 0, 0, 0, 1, 0, b, 0, 1, 0, 0, 0, 0, 0, 0 }, 
'{ 0, 0, 0, 0, 0, 0, 0, b, 0, 0, 0, 0, 0, 0, 0, 0 }, 
'{ 0, 0, 0, 0, 0, 0, 0, b, 0, 0, 0, 0, 0, 0, 0, 0 }, 
'{ 0, 0, 0, 0, 0, 0, 0, 0, 0, 0, 0, 0, 0, 0, 0, 0 }, 
'{ 0, 0, 0, 0, 0, 0, 0, 0, 0, 0, 0, 0, 0, 0, 0, 0 }, 
'{ 0, 0, 0, 0, 0, 0, 0, 0, 0, 0, 0, 0, 0, 0, 0, 0 } 
}