enemy_2_0 <= 
'{ 
'{ 0, 0, 0, 0, 0, 0, 1, 0, 1, 0, 0, 0, 0, 0, 0, 0 }, 
'{ 0, 0, 0, 1, 1, 8, 8, 1, 8, 8, 1, 1, 0, 0, 0, 0 }, 
'{ 0, 0, 0, 0, 1, 8, 8, 1, 8, 8, 1, 0, 0, 0, 0, 0 }, 
'{ 0, 0, 0, 0, 0, 1, 1, 1, 1, 1, 0, 0, 0, 0, 0, 0 }, 
'{ 0, 0, 0, 1, 1, c, c, 1, c, c, 1, 1, 0, 0, 0, 0 }, 
'{ 0, 0, 1, 1, 1, c, c, c, c, c, 1, 1, 1, 0, 0, 0 }, 
'{ 1, 1, 1, 1, 1, c, c, c, c, c, 1, 1, 1, 1, 1, 0 }, 
'{ 0, 1, 1, 1, 0, c, c, c, c, c, 0, 1, 1, 1, 0, 0 }, 
'{ 0, 0, 1, 1, 0, 0, 8, 0, 8, 0, 0, 1, 1, 0, 0, 0 }, 
'{ 0, 0, 1, 1, 0, 0, 8, 0, 8, 0, 0, 1, 1, 0, 0, 0 }, 
'{ 0, 0, 1, 1, 1, 0, 0, 0, 0, 0, 1, 1, 1, 0, 0, 0 }, 
'{ 0, 0, 0, 1, 1, 0, 0, 0, 0, 0, 1, 1, 0, 0, 0, 0 }, 
'{ 0, 0, 0, 0, 1, 1, 0, 0, 0, 1, 1, 0, 0, 0, 0, 0 }, 
'{ 0, 0, 0, 0, 0, 1, 1, 0, 1, 1, 0, 0, 0, 0, 0, 0 }, 
'{ 0, 0, 0, 0, 0, 0, 1, 0, 1, 0, 0, 0, 0, 0, 0, 0 }, 
'{ 0, 0, 0, 0, 0, 0, 0, 0, 0, 0, 0, 0, 0, 0, 0, 0 } 
}