enemy_3_0 <= 
'{ 
'{ 0, 0, 0, 0, 0, 0, 0, 0, 0, 0, 0, 0, 0, 0, 0, 0 }, 
'{ 0, 0, 0, 0, 0, 0, 0, 0, 0, 0, 0, 0, 0, 0, 0, 0 }, 
'{ 0, 0, 0, 0, 0, 0, 0, 0, 0, 0, 0, 0, 0, 0, 0, 0 }, 
'{ 0, 0, 0, 1, 0, 0, 0, b, 0, 0, 0, 1, 0, 0, 0, 0 }, 
'{ 0, 0, 0, 1, 0, b, 6, b, 6, b, 0, 1, 0, 0, 0, 0 }, 
'{ 0, 0, 0, 0, 1, 6, 6, b, 6, 6, 1, 0, 0, 0, 0, 0 }, 
'{ 0, 0, 0, 0, 0, b, b, b, b, b, 0, 0, 0, 0, 0, 0 }, 
'{ 0, 0, 0, 0, 1, 1, b, b, b, 1, 1, 0, 0, 0, 0, 0 }, 
'{ 0, 0, 0, 0, 1, 1, 6, 6, 6, 1, 1, 0, 0, 0, 0, 0 }, 
'{ 0, 0, 0, 1, 1, 0, 6, 6, 6, 0, 1, 1, 0, 0, 0, 0 }, 
'{ 0, 0, 0, 1, 1, 0, b, b, b, 0, 1, 1, 0, 0, 0, 0 }, 
'{ 0, 0, 0, 1, 1, 0, 6, 6, 6, 0, 1, 1, 0, 0, 0, 0 }, 
'{ 0, 0, 0, 1, 1, 0, 0, 6, 0, 0, 1, 1, 0, 0, 0, 0 }, 
'{ 0, 0, 0, 0, 0, 0, 0, 0, 0, 0, 0, 0, 0, 0, 0, 0 }, 
'{ 0, 0, 0, 0, 0, 0, 0, 0, 0, 0, 0, 0, 0, 0, 0, 0 }, 
'{ 0, 0, 0, 0, 0, 0, 0, 0, 0, 0, 0, 0, 0, 0, 0, 0 } 
}