enemy_0_0 <= 
'{ 
'{ 0, 0, 0, 0, 0, 0, 0, 0, 0, 0, 0, 0, 0, 0, 0, 0 }, 
'{ 0, 0, 0, 0, 0, 0, 0, 0, 0, 0, 0, 0, 0, 0, 0, 0 }, 
'{ 0, 0, 0, 0, 0, 0, 0, 0, 0, 0, 0, 0, 0, 0, 0, 0 }, 
'{ 0, 0, 0, 0, 6, 0, 0, 0, 0, 0, 0, 0, 6, 0, 0, 0 }, 
'{ 0, 0, 0, 0, 6, 0, 0, 2, 0, 2, 0, 0, 6, 0, 0, 0 }, 
'{ 0, 0, 0, 0, 6, 0, 5, 6, 5, 6, 5, 0, 6, 0, 0, 0 }, 
'{ 0, 0, 0, 0, 6, 0, 5, 5, 5, 5, 5, 0, 6, 0, 0, 0 }, 
'{ 0, 0, 0, 0, 6, 6, 6, 5, 5, 5, 6, 6, 6, 0, 0, 0 }, 
'{ 0, 0, 0, 0, 0, 0, 6, 2, 2, 2, 6, 0, 0, 0, 0, 0 }, 
'{ 0, 0, 0, 0, 6, 6, 6, 2, 2, 2, 6, 6, 6, 0, 0, 0 }, 
'{ 0, 0, 0, 0, 6, 6, 6, 5, 5, 5, 6, 6, 6, 0, 0, 0 }, 
'{ 0, 0, 0, 0, 6, 6, 0, 2, 2, 2, 0, 6, 6, 0, 0, 0 }, 
'{ 0, 0, 0, 0, 6, 6, 0, 0, 2, 0, 0, 6, 6, 0, 0, 0 }, 
'{ 0, 0, 0, 0, 0, 0, 0, 0, 0, 0, 0, 0, 0, 0, 0, 0 }, 
'{ 0, 0, 0, 0, 0, 0, 0, 0, 0, 0, 0, 0, 0, 0, 0, 0 }, 
'{ 0, 0, 0, 0, 0, 0, 0, 0, 0, 0, 0, 0, 0, 0, 0, 0 } 
}