enemy_8_2 <= 
'{ 
'{ 0, 0, 0, 0, 0, 0, 0, 0, 0, 6, 6, 0, 0, 0, 0, 0 }, 
'{ 0, 0, 0, 0, 0, 0, 0, 0, 0, 6, 6, 1, 5, 0, 0, 0 }, 
'{ 0, 0, 0, 0, 0, 0, 0, 0, 6, 6, 1, 5, 5, 0, 0, 0 }, 
'{ 6, 6, 6, 6, 6, 0, 0, 0, 6, 1, 5, 5, 0, 0, 0, 0 }, 
'{ 0, 6, 6, 6, 6, 6, 6, 0, 1, 1, 5, 5, 0, 0, 0, 0 }, 
'{ 0, 0, 6, 6, 6, 6, 6, 1, 1, 5, 5, 5, 0, 0, 0, 0 }, 
'{ 0, 0, 0, 0, 6, 6, 6, 1, 5, 5, 5, 6, 6, 0, 0, 0 }, 
'{ 0, 0, 0, 0, 0, 0, 1, 1, 5, 5, 5, 6, 6, 6, 6, 0 }, 
'{ 0, 0, 0, 0, 0, 1, 5, 6, 6, 6, 5, 6, 6, 6, 6, 6 }, 
'{ 0, 0, 0, 0, 0, 1, 6, 6, 6, 6, 0, 0, 0, 0, 0, 0 }, 
'{ 0, 0, 0, 0, 1, 0, 6, 6, 6, 6, 0, 0, 0, 0, 0, 0 }, 
'{ 0, 1, 0, 1, 0, 0, 6, 6, 6, 6, 0, 0, 0, 0, 0, 0 }, 
'{ 0, 0, 1, 0, 0, 0, 6, 6, 6, 6, 0, 0, 0, 0, 0, 0 }, 
'{ 0, 1, 0, 1, 0, 0, 6, 6, 6, 0, 0, 0, 0, 0, 0, 0 }, 
'{ 1, 0, 0, 0, 0, 0, 0, 6, 6, 0, 0, 0, 0, 0, 0, 0 }, 
'{ 0, 0, 0, 0, 0, 0, 0, 0, 0, 0, 0, 0, 0, 0, 0, 0 } 
}