explosion_0_11 <= 
'{ 
'{ 6, 6, 0, 6, 0, 0, 6, 0, 0, 0, 3, 0, 3, 0, 0, 0 }, 
'{ 6, 6, 6, 6, 0, 0, 6, 0, 0, 0, 0, 0, 3, 0, 0, 0 }, 
'{ 6, 6, 6, 6, 0, 0, 6, 0, 0, 0, 0, 5, 0, 0, 0, 0 }, 
'{ 6, 6, 6, 6, 6, 0, 6, 0, 0, 3, 3, 0, 0, 0, 0, 0 }, 
'{ 6, 6, 6, 6, 6, 6, 6, 0, 0, 0, 0, 5, 0, 0, 0, 0 }, 
'{ 6, 6, 6, 0, 6, 6, 6, 0, 0, 5, 0, 5, 0, 0, 0, 0 }, 
'{ 0, 6, 6, 0, 0, 6, 6, 0, 0, 5, 0, 0, 3, 0, 0, 0 }, 
'{ 0, 0, 0, 0, 0, 0, 6, 0, 6, 0, 3, 0, 3, 0, 0, 0 }, 
'{ 0, 0, 0, 0, 0, 0, 0, 0, 6, 0, 0, 3, 0, 0, 0, 0 }, 
'{ 0, 3, 0, 0, 0, 0, 0, 3, 0, 0, 3, 0, 0, 0, 0, 0 }, 
'{ 0, 0, 3, 0, 0, 6, 6, 0, 0, 5, 0, 0, 0, 0, 0, 0 }, 
'{ 3, 0, 0, 5, 5, 3, 3, 3, 3, 0, 0, 0, 0, 0, 0, 0 }, 
'{ 0, 3, 3, 3, 3, 5, 5, 0, 0, 0, 0, 0, 0, 0, 0, 0 }, 
'{ 0, 0, 0, 5, 5, 0, 0, 0, 0, 0, 0, 0, 0, 0, 0, 0 }, 
'{ 0, 0, 0, 0, 0, 0, 0, 0, 0, 0, 0, 0, 0, 0, 0, 0 }, 
'{ 0, 0, 0, 0, 0, 0, 0, 0, 0, 0, 0, 0, 0, 0, 0, 0 } 
}