explosion_2_01 <= 
'{ 
'{ 0, 3, 0, 3, 5, 5, 5, 5, 5, 0, 5, 6, 5, 5, 5, 5 }, 
'{ 0, 3, 3, 5, 6, 5, 5, 5, 0, 0, 0, 5, 0, 0, 5, 5 }, 
'{ 0, 3, 3, 5, 5, 3, 5, 5, 5, 5, 5, 0, 5, 0, 0, 5 }, 
'{ 0, 3, 3, 0, 5, 5, 3, 5, 5, 5, 0, 0, 5, 0, 0, 0 }, 
'{ 0, 0, 3, 3, 5, 5, 5, 5, 5, 5, 0, 5, 0, 0, 0, 0 }, 
'{ 0, 0, 0, 3, 0, 5, 5, 3, 5, 0, 0, 0, 5, 5, 0, 5 }, 
'{ 0, 0, 3, 3, 5, 5, 5, 0, 5, 5, 5, 5, 5, 5, 0, 5 }, 
'{ 0, 0, 3, 3, 5, 5, 5, 5, 0, 5, 5, 6, 5, 5, 5, 5 }, 
'{ 0, 0, 0, 3, 3, 3, 3, 3, 0, 5, 5, 5, 5, 6, 5, 5 }, 
'{ 0, 6, 0, 0, 3, 3, 3, 3, 3, 0, 5, 0, 5, 5, 0, 5 }, 
'{ 3, 0, 0, 0, 0, 0, 3, 3, 3, 0, 5, 5, 0, 0, 5, 5 }, 
'{ 0, 0, 0, 6, 0, 0, 3, 3, 0, 3, 3, 3, 5, 5, 5, 5 }, 
'{ 0, 0, 3, 3, 3, 0, 0, 0, 0, 3, 3, 3, 3, 3, 3, 5 }, 
'{ 0, 6, 6, 0, 0, 0, 0, 0, 0, 0, 3, 3, 0, 0, 0, 3 }, 
'{ 0, 0, 0, 0, 0, 0, 0, 0, 0, 0, 0, 0, 0, 0, 3, 3 }, 
'{ 0, 0, 0, 0, 6, 0, 0, 0, 0, 0, 0, 0, 0, 0, 0, 0 } 
}