logo_game_over <= 
'{ 
'{ 0, 0, 0, 0, 7, 0, 0, 0, 0, 0, 0, 0, 0, 0, 0, 0, 0, 0, 0, 0, 0, 0, 0, 0, 0, 0, 0, 0, 0, 0, 0, 0, 0, 0, 0, 0, 0, 0, 0, 0, 0, 0, 0, 0, 0, 0, 7, 7, 0, 0, 0, 0, 0, 0, 0, 0, 0, 0, 0, 0, 0, 0, 0, 0, 0, 0, 0, 0, 0, 0, 0, 0, 0, 0, 0, 0, 0, 0, 0, 0, 0, 0, 0 }, 
'{ 0, 7, 7, 7, 7, 7, 7, 0, 0, 0, 0, 0, 7, 7, 7, 0, 0, 0, 0, 7, 7, 7, 0, 0, 0, 7, 7, 7, 0, 0, 7, 7, 7, 7, 7, 7, 7, 0, 0, 0, 0, 0, 0, 0, 7, 7, 7, 7, 7, 7, 0, 0, 0, 7, 7, 0, 0, 0, 7, 7, 0, 0, 7, 7, 7, 7, 7, 7, 7, 0, 0, 7, 7, 7, 7, 7, 7, 7, 0, 0, 7, 7, 0 }, 
'{ 7, 7, 7, 0, 0, 7, 7, 7, 0, 0, 0, 0, 7, 7, 7, 7, 0, 0, 0, 7, 7, 7, 0, 0, 0, 7, 7, 7, 0, 0, 7, 7, 0, 0, 0, 0, 0, 0, 0, 0, 0, 0, 0, 7, 7, 7, 0, 0, 0, 7, 7, 0, 0, 7, 7, 0, 0, 0, 7, 7, 0, 0, 7, 7, 0, 0, 0, 0, 0, 0, 0, 7, 7, 0, 0, 0, 7, 7, 7, 0, 7, 7, 0 }, 
'{ 7, 7, 0, 0, 0, 0, 0, 7, 0, 0, 0, 0, 7, 7, 7, 7, 0, 0, 0, 7, 7, 7, 0, 0, 0, 7, 7, 7, 0, 0, 7, 7, 0, 0, 0, 0, 0, 0, 0, 0, 0, 0, 0, 7, 7, 0, 0, 0, 0, 7, 7, 0, 0, 7, 7, 0, 0, 0, 7, 7, 0, 0, 7, 7, 0, 0, 0, 0, 0, 0, 0, 7, 7, 0, 0, 0, 0, 7, 7, 0, 7, 7, 0 }, 
'{ 7, 7, 0, 0, 0, 0, 0, 0, 0, 0, 0, 7, 7, 0, 7, 7, 0, 0, 0, 7, 7, 7, 7, 0, 7, 7, 7, 7, 0, 0, 7, 7, 7, 7, 7, 7, 0, 0, 0, 0, 0, 0, 0, 7, 7, 0, 0, 0, 0, 7, 7, 0, 0, 0, 7, 0, 0, 7, 7, 0, 0, 0, 7, 7, 7, 7, 7, 7, 0, 0, 0, 7, 7, 0, 0, 0, 7, 7, 0, 0, 0, 7, 0 }, 
'{ 7, 7, 0, 0, 7, 7, 7, 7, 0, 0, 0, 7, 7, 0, 0, 7, 7, 0, 0, 7, 7, 0, 7, 0, 7, 0, 7, 7, 0, 0, 7, 7, 7, 7, 7, 7, 0, 0, 0, 0, 0, 0, 0, 7, 7, 0, 0, 0, 0, 0, 7, 7, 0, 0, 7, 7, 0, 7, 7, 0, 0, 0, 7, 7, 7, 7, 7, 7, 0, 0, 0, 7, 7, 7, 7, 7, 7, 7, 0, 0, 0, 7, 0 }, 
'{ 7, 7, 0, 0, 0, 7, 7, 7, 0, 0, 0, 7, 7, 7, 7, 7, 7, 0, 0, 7, 7, 0, 7, 0, 7, 0, 7, 7, 0, 0, 7, 7, 0, 0, 0, 0, 0, 0, 0, 0, 0, 0, 0, 7, 7, 0, 0, 0, 0, 7, 7, 0, 0, 0, 7, 7, 0, 7, 0, 0, 0, 0, 7, 7, 0, 0, 0, 0, 0, 0, 0, 7, 7, 0, 0, 0, 7, 7, 0, 0, 0, 7, 0 }, 
'{ 7, 7, 0, 0, 0, 0, 7, 7, 0, 0, 7, 7, 7, 7, 7, 7, 7, 0, 0, 7, 7, 0, 7, 7, 7, 0, 7, 7, 0, 0, 7, 7, 0, 0, 0, 0, 0, 0, 0, 0, 0, 0, 0, 7, 7, 0, 0, 0, 0, 7, 7, 0, 0, 0, 0, 7, 7, 7, 0, 0, 0, 0, 7, 7, 0, 0, 0, 0, 0, 0, 0, 7, 7, 0, 0, 0, 7, 7, 0, 0, 0, 0, 0 }, 
'{ 0, 7, 7, 7, 7, 7, 7, 7, 0, 0, 7, 7, 0, 0, 0, 0, 7, 7, 0, 7, 7, 0, 7, 7, 7, 0, 7, 7, 0, 0, 7, 7, 7, 7, 7, 7, 7, 0, 0, 0, 0, 0, 0, 0, 7, 7, 7, 0, 7, 7, 7, 0, 0, 0, 0, 7, 7, 7, 0, 0, 0, 0, 7, 7, 7, 7, 7, 7, 7, 0, 0, 7, 7, 0, 0, 0, 7, 7, 0, 0, 0, 7, 0 }, 
'{ 0, 0, 7, 7, 7, 7, 0, 7, 0, 0, 7, 7, 0, 0, 0, 0, 7, 7, 0, 7, 7, 0, 7, 7, 7, 0, 7, 7, 0, 0, 7, 7, 7, 7, 7, 7, 7, 0, 0, 0, 0, 0, 0, 0, 0, 7, 7, 7, 7, 7, 0, 0, 0, 0, 0, 7, 7, 0, 0, 0, 0, 0, 7, 7, 7, 7, 7, 7, 7, 0, 0, 7, 7, 0, 0, 0, 0, 7, 7, 0, 7, 7, 0 } 
};