logo_utkarsh&michael <= 
'{ 
'{ 0, 0, 0, 0, 0, 0, 0, 0, 0, 0, 0, 0, 0, 0, 0, 0, 0, 0, 0, 0, 0, 0, 0, 0, 0, 0, 0, 0, 0, 0, 0, 0, 9, 0, 0, 0, 0, 0, 0, 0, 0, 0, 0, 0, 0, 0, 0, 0, 0, 0, 0, 0, 0, 0, 0, 0, a, 0, 0, 0, 0, 0, 0, 0, 0, 0, 0, 0, 0, 0, 0, 0, 0, 0, 0, 0, 0, 0, 0, 0, 0, 0, 0, 0, 0, 0, 0, 0, a, 0, 0, 0, 0, 0, 0, 0, 0, 0, a, 0, 0, 0, 0, 0, 0, 0, 0, 0, 0, 0, 0, 5, 0, 0, 0, 0, 9, 9, a, 0 }, 
'{ 0, 0, 0, 0, 0, 0, 0, 0, 0, 0, 0, 0, 0, 0, 0, 0, 0, 0, 0, 0, 0, 0, 0, 0, 0, 0, 0, 0, 0, 0, 0, 0, b, 0, 0, 0, 0, 0, 0, 0, 0, 0, 0, 0, 0, 0, 0, 0, 0, 0, 0, 0, 0, 0, 0, 0, 9, 0, 0, 0, 0, 0, 0, 0, 0, 0, 0, 0, 0, 9, 9, 0, 0, 0, 0, 0, 0, 0, 0, 0, 0, 0, 0, 0, 0, 0, 0, 0, a, 0, 0, 0, 0, 0, 0, 0, 0, 0, 9, 0, 0, 0, 0, 0, 0, 0, 0, 0, 0, 0, 0, 0, 0, 0, 0, 0, 0, 0, 9, 0 }, 
'{ 0, 0, b, a, 9, 9, 0, 0, 0, 0, 0, 0, 0, 0, 0, 0, 0, 0, 0, 0, 9, 0, 0, a, 0, 0, 0, b, 0, 0, 0, 0, b, 0, 0, 0, 0, 0, 0, 0, 0, 0, 0, 0, 0, 0, 0, a, 0, 0, 0, 0, a, 0, 0, 0, 9, 0, 0, 0, 0, 0, 0, 0, 0, 0, 0, 0, a, a, a, 0, 0, 0, 0, 0, 0, 0, 0, a, 9, 0, 0, 9, a, 0, 0, 0, 0, 0, 0, 0, 0, 0, 0, 0, 0, 0, 9, 0, 0, 0, 0, 0, 0, 0, 0, 0, 0, 0, 0, 0, 0, 0, 0, 0, 0, 0, 9, 0 }, 
'{ 0, 0, 9, 0, 0, b, 0, 0, 9, 0, 0, a, a, 0, 0, 0, 0, 0, 0, 0, 9, 0, 0, a, 0, 0, a, b, a, a, 0, 0, b, 0, a, a, 0, 0, a, a, a, 9, 0, 0, a, 9, 9, 9, a, 0, 9, a, a, a, 0, 0, b, 9, b, b, 0, 0, 0, 0, 0, 0, 0, 0, 0, b, a, 0, 0, 0, 0, 0, 0, 0, 0, a, 9, 0, 0, 9, a, 0, a, a, 9, 0, 0, 0, a, 9, a, a, 0, 0, b, 9, a, b, 0, 0, a, a, a, 9, 0, 0, a, a, a, 9, 0, 0, 0, 0, 9, 0 }, 
'{ 0, 0, b, a, 9, 0, 0, 0, 9, 0, 0, 9, 0, 0, 0, 0, 0, 0, 0, 0, 9, 0, 0, a, 0, 0, 0, b, 0, 0, 0, 0, b, a, 9, 0, 0, 0, 0, 0, 0, 9, 0, 0, a, a, 0, 0, 0, 0, 9, a, 0, 0, 0, 0, b, 0, 0, 9, 0, 0, 0, 0, 0, 0, 0, 0, 9, 9, 0, 0, 9, 0, 0, 0, 0, 0, 0, a, 0, a, a, 0, a, 0, 0, 0, 9, 0, 0, 0, 9, 0, 0, 0, 0, 0, b, 0, 0, 9, 0, 0, 0, 0, 0, 9, 0, 0, 9, 0, 0, 9, 0, 0, 0, 0, 9, 0 }, 
'{ 0, 0, 9, 0, 0, 9, 0, 0, 0, 9, 0, a, 0, 0, 0, 0, 0, 0, 0, 0, 9, 0, 0, a, 0, 0, 0, b, 0, 0, 0, 0, b, 9, a, 0, 0, 0, a, a, a, b, 0, 0, a, a, 0, 0, 0, 0, 0, a, 9, a, 0, 0, 9, 0, 0, 9, 0, 0, 0, 0, 0, 0, 0, 9, 0, 0, b, 0, 9, 0, 0, 0, 0, 0, 0, a, 0, 9, 9, 0, a, 0, 0, 0, 9, 0, 0, 0, b, 0, 0, 0, 0, 0, 9, 0, 0, 9, 0, 0, a, a, a, b, 0, 0, b, a, a, a, 0, 0, 0, 0, 9, 0 }, 
'{ 0, 0, 9, 0, 0, 9, 0, 0, 0, 9, 9, 0, 0, 0, 0, 0, 0, 0, 0, 0, 9, 0, 0, 9, 0, 0, 0, 9, 0, 0, 0, 0, b, 0, 9, a, 0, 0, 9, 0, 0, b, 0, 0, a, a, 0, 0, 0, 0, 0, 0, 0, b, 0, 0, 9, 0, 0, 9, 0, 0, 0, 0, 0, 0, 0, 9, a, 0, a, b, 0, 0, 0, 0, 0, 0, 0, a, 0, a, 0, 0, a, 0, 0, 0, 9, 0, 0, 0, 9, 0, 0, 0, 0, 0, 9, 0, 0, 9, 0, 0, 9, 0, 0, b, 0, 0, 9, 0, 0, 0, 0, 0, 0, 0, 9, 0 }, 
'{ 0, 0, b, 9, 9, 9, 0, 0, 0, a, a, 0, 0, 0, 0, 0, 0, 0, 0, 7, a, 9, 9, a, 0, 0, 0, a, 9, 9, 0, 0, b, 0, 0, 9, 0, 0, 9, 9, a, 9, a, 0, a, a, 0, 0, 0, 0, 9, 9, 9, a, 0, 0, 9, 0, 0, 9, 0, 0, 0, 0, 0, 0, 0, 0, 9, 9, 9, 9, a, 0, 0, 0, 0, 0, 0, a, 0, 0, 0, 0, a, 0, 0, 0, 9, 0, 0, 0, 0, 9, 9, 9, 0, 0, 9, 0, 0, 9, 0, 0, 9, 9, a, 9, a, 0, 0, 9, 9, 9, 0, 0, 0, 0, 9, 0 }, 
'{ 0, 0, 0, 0, 0, 0, 0, 0, 0, 9, 0, 0, 0, 0, 0, 0, 0, 0, 0, 0, 0, 0, 0, 0, 0, 0, 0, 0, 0, 0, 0, 0, 0, 0, 0, 0, 0, 0, 0, 0, 0, 0, 0, 0, 0, 0, 0, 0, 0, 0, 0, 0, 0, 0, 0, 0, 0, 0, 0, 0, 0, 0, 0, 0, 0, 0, 0, 0, 0, 0, 0, 0, 0, 0, 0, 0, 0, 0, 0, 0, 0, 0, 0, 0, 0, 0, 0, 0, 0, 0, 0, 0, 0, 0, 0, 0, 0, 0, 0, 0, 0, 0, 0, 0, 0, 0, 0, 0, 0, 0, 0, 0, 0, 0, 0, 0, 0, 0, 0, 0 } 
};