logo_press_try_again <= 
'{ 
'{ 0, 0, 0, 0, 0, 0, 0, 0, 0, 0, 0, 0, 0, 0, 0, 0, 0, 0, 0, 0, 0, 0, 0, 0, 0, 0, 0, 0, 0, 0, 0, 0, 0, 0, 0, 0, 0, 0, 0, 0, 0, 0, 0, 0, 0, 0, 0, 0, 0, 0, 0, 0, 0, 0, 0, 0, 0, 0, 0, 0, 0, 0, 0, 0, 0, 0, 0, 0, 0, 0, 0, 0, 0, 0, 0, 0, 0, 0, 0, 0, 0, 0, 0, 0, 0, 0, 0, 0, 0, 0, 0, 0, 0, 0, 0, 0, 0, 0, 0, 0, 0, 0, 0, 0, 0, 0, 0, 0, 0, 0, 0, a, 0, 0, 0, 0, 0, 0, 0, 0, 0, 0, 0, 0, 0, 0, 0, 0, 0, 0, 0, 0, 0, 0, 0, 0, 0 }, 
'{ 0, b, a, a, 9, 0, 0, 0, 0, 0, a, 0, 0, 0, 0, 0, 0, 0, 0, 0, 0, a, 0, 0, 0, 0, 0, a, 0, 0, 0, 0, 0, 0, 0, 0, 9, 0, 0, 0, 0, 9, 0, 0, 0, 0, 0, 0, 0, 0, b, 0, 0, 0, 0, 0, 0, 0, 0, 0, 0, 0, 0, 0, 0, 0, 0, 0, b, 0, 0, 0, 0, 0, 0, 0, a, 0, 0, 0, 0, 0, 0, 0, 0, 0, 0, 0, 0, 0, 0, 0, 0, 0, 0, 0, 0, 0, 0, 0, 0, 0, 0, 0, 0, 0, 0, 0, 0, 0, 0, 0, 0, 0, 0, 0, 0, 0, 0, 0, 0, 0, 0, 0, 0, 0, 0, 0, 0, 0, 0, 0, 0, 0, 0, 0, 0 }, 
'{ 0, b, 0, 0, a, a, 0, a, 9, 9, 9, a, 0, a, a, a, 9, 0, 0, 9, a, a, a, 0, 0, 9, a, a, a, 0, 0, 0, 0, 0, 0, 0, 9, 0, a, a, 0, 9, 0, 0, 0, 0, 0, 0, 0, a, b, a, a, 0, 0, 9, a, a, 9, 0, 0, 0, 0, 0, 0, 0, 0, a, b, a, a, 0, 0, a, 9, 9, 9, a, 0, 9, 0, 0, a, a, 0, 0, 0, 0, 0, 0, 0, a, a, a, 9, 0, 0, 9, a, a, b, 0, 0, a, a, a, 9, 0, 0, a, a, 9, 0, 0, 0, b, 9, a, b, 0, 0, 0, 0, 0, 0, 0, 0, 0, 0, 0, 0, 0, 0, 0, 0, 0, 0 }, 
'{ 0, b, 0, 0, 9, 0, 0, a, a, 0, 0, 0, 0, 9, 0, 0, 9, 0, 0, 9, a, 0, 0, 0, 0, 9, a, 0, 0, 0, 0, 0, 0, 0, 0, 0, a, 0, 9, 9, 0, a, 0, 0, 0, 0, 0, 0, 0, 0, b, 0, 0, 0, 0, 9, 0, 0, 9, 0, 0, 0, 0, 0, 0, 0, 0, 0, b, 0, 0, 0, 0, a, a, 0, 0, 0, 0, 9, 0, 0, 9, 0, 0, 0, 0, 0, 0, 0, 0, 0, 0, 0, 9, 0, 0, 9, 0, 0, 9, 0, 0, 0, 0, 0, 9, 0, 0, 0, 0, 9, 0, 0, 0, b, 0, 0, 9, 0, 0, 0, 0, 0, 0, 0, 0, 0, 0, 0, 0, 0, 0, 0, 0, 0, 0 }, 
'{ 0, b, 9, a, 0, 0, 0, a, a, 0, 0, 0, 0, b, a, a, a, 0, 0, 0, a, 9, a, 0, 0, 0, a, 9, a, 0, 0, 0, 0, 0, 0, 0, 0, a, 9, 9, a, 0, 0, 0, 0, 0, 0, 0, 0, 0, b, 0, 0, 0, a, a, 0, 0, a, a, 0, 0, 0, 0, 0, 0, 0, 0, b, 0, 0, 0, 0, a, a, 0, 0, 0, 0, 0, 9, 0, a, 0, 0, 0, 0, 0, 0, 0, 0, a, a, a, b, 0, 0, 9, 0, 0, 9, 0, 0, a, a, a, b, 0, 0, 0, 0, 9, 0, 0, 0, 9, 0, 0, 9, 0, 0, 0, 0, 0, 0, 0, 0, 0, 0, 0, 0, 0, 0, 0, 0, 0, 0 }, 
'{ 0, b, 0, 0, 0, 0, 0, a, a, 0, 0, 0, 0, 9, 0, 0, 0, 0, 0, 0, 0, 0, b, 0, 0, 0, 0, 0, b, 0, 0, 0, 0, 0, 0, 0, 0, 9, a, a, 9, 0, 0, 0, 0, 0, 0, 0, 0, 0, 9, 0, 0, 0, 0, 9, 0, 0, 9, 0, 0, 0, 0, 0, 0, 0, 0, 0, 9, 0, 0, 0, 0, a, a, 0, 0, 0, 0, 0, 9, 9, 0, 0, 0, 0, 0, 0, 0, 0, 0, 9, 0, 0, b, 0, 0, b, 0, 0, b, 0, 0, 9, 0, 0, b, 0, 0, 0, 0, 9, 0, 0, 0, 9, 0, 0, 9, 0, 0, 0, 0, 0, 0, 0, 0, 0, 0, 0, 0, 0, 0, 0, 0, 0, 0 }, 
'{ 0, b, 0, 0, 0, 0, 0, a, a, 0, 0, 0, 0, 0, 9, 9, 9, 0, 0, 9, 9, 9, a, 0, 0, 9, 9, 9, a, 0, 0, 0, 0, 0, 0, 0, 0, b, 0, 0, b, 0, 0, 0, 0, 0, 0, 0, 0, 0, a, 9, 9, 0, 0, a, 9, 9, a, 0, 0, 0, 0, 0, 0, 0, 0, 0, a, 9, 9, 0, 0, a, a, 0, 0, 0, 0, 0, a, a, 0, 0, 0, 0, 0, 0, 0, 0, 0, 9, 9, a, 9, a, 0, a, 9, 9, 9, 0, 0, 9, 9, a, 9, a, 0, 0, 0, 9, 0, 0, 0, 9, 0, 0, 9, 0, 0, 0, 9, 9, 0, 0, 0, 0, 9, 9, 0, 0, 0, 0, 9, 9, 0 }, 
'{ 0, 0, 0, 0, 0, 0, 0, 0, 0, 0, 0, 0, 0, 0, 0, 0, 0, 0, 0, 0, 0, 0, 0, 0, 0, 0, 0, 0, 0, 0, 0, 0, 0, 0, 0, 0, 0, 0, 0, 0, 0, 0, 0, 0, 0, 0, 0, 0, 0, 0, 0, 0, 0, 0, 0, 0, 0, 0, 0, 0, 0, 0, 0, 0, 0, 0, 0, 0, 0, 0, 0, 0, 0, 0, 0, 0, 0, 0, 0, 0, 9, 0, 0, 0, 0, 0, 0, 0, 0, 0, 0, 0, 0, 0, 0, 0, 0, 0, 0, 0, b, 0, 0, 0, 0, 0, 0, 0, 0, 0, 0, 0, 0, 0, 0, 0, 0, 0, 0, 0, 0, 0, 0, 0, 0, 0, 0, 0, 0, 0, 0, 0, 0, 0, 0, 0, 0 }, 
'{ 0, 0, 0, 0, 0, 0, 0, 0, 0, 0, 0, 0, 0, 0, 0, 0, 0, 0, 0, 0, 0, 0, 0, 0, 0, 0, 0, 0, 0, 0, 0, 0, 0, 0, 0, 0, 0, 0, 0, 0, 0, 0, 0, 0, 0, 0, 0, 0, 0, 0, 0, 0, 0, 0, 0, 0, 0, 0, 0, 0, 0, 0, 0, 0, 0, 0, 0, 0, 0, 0, 0, 0, 0, 0, 0, 0, 0, 0, 0, 9, a, 0, 0, 0, 0, 0, 0, 0, 0, 0, 0, 0, 0, 0, 0, 0, 0, 9, 9, 9, a, 0, 0, 0, 0, 0, 0, 0, 0, 0, 0, 0, 0, 0, 0, 0, 0, 0, 0, 0, 0, 0, 0, 0, 0, 0, 0, 0, 0, 0, 0, 0, 0, 0, 0, 0, 0 } 
};